# Energy (GeV)          (numu/m^2/GeV/POT)      (anue/m^2/GeV/POT)              (nutau/m^2/GeV/POT)
#       (nue/m^2/GeV/POT)               (nutau/m^2/GeV/POT)     (anumu/m^2/GeV/POT)
0.125	5.1558e-15	1.47425e-12	0	6.87302e-15	1.05693e-12	0
0.375	1.96278e-14	2.45657e-12	0	4.0183e-14	4.97603e-12	0
0.625	3.41396e-14	2.64022e-12	0	8.35644e-14	8.17883e-12	0
0.875	4.02753e-14	2.60916e-12	0	1.14378e-13	8.34615e-12	0
1.125	3.74101e-14	2.65742e-12	0	1.54044e-13	8.75941e-12	0
1.375	3.29458e-14	2.47432e-12	0	1.79974e-13	1.05496e-11	0
1.625	3.02692e-14	2.37241e-12	0	2.09624e-13	1.4189e-11	0
1.875	2.71673e-14	2.25233e-12	0	2.79484e-13	2.07429e-11	0
2.125	2.88553e-14	2.20023e-12	0	2.68501e-13	3.01555e-11	0
2.375	2.68331e-14	2.19459e-12	0	3.06377e-13	3.92849e-11	0
2.625	2.06374e-14	2.2373e-12	0	3.1968e-13	4.78732e-11	0
2.875	2.49624e-14	2.26938e-12	0	3.5401e-13	5.69668e-11	0
3.125	2.01349e-14	2.3723e-12	0	3.2682e-13	6.48706e-11	0
3.375	2.29328e-14	2.312e-12	0	3.6513e-13	6.95787e-11	0
3.625	1.94169e-14	2.39593e-12	0	3.83378e-13	7.24161e-11	0
3.875	1.81342e-14	2.3666e-12	0	3.6348e-13	7.41039e-11	0
4.125	2.09273e-14	2.36679e-12	0	3.80372e-13	7.49716e-11	0
4.375	2.13538e-14	2.41247e-12	0	4.30156e-13	7.52968e-11	0
4.625	1.74516e-14	2.40505e-12	0	3.73605e-13	7.57192e-11	0
4.875	2.07196e-14	2.32385e-12	0	3.82314e-13	7.53475e-11	0
5.125	2.01255e-14	2.36738e-12	0	3.75236e-13	7.59575e-11	0
5.375	1.7875e-14	2.36109e-12	0	3.40046e-13	7.49825e-11	0
5.625	2.45281e-14	2.39258e-12	0	2.95041e-13	7.47461e-11	0
5.875	1.58826e-14	2.25033e-12	0	2.72368e-13	7.45599e-11	0
6.125	1.58916e-14	2.23257e-12	0	3.33036e-13	7.41454e-11	0
6.375	1.45454e-14	2.30665e-12	0	3.05086e-13	7.34605e-11	0
6.625	1.86526e-14	2.2007e-12	0	3.05829e-13	7.21544e-11	0
6.875	1.57951e-14	2.19458e-12	0	2.47372e-13	7.08753e-11	0
7.125	1.38572e-14	2.13057e-12	0	2.3857e-13	6.74079e-11	0
7.375	1.71055e-14	2.02765e-12	0	2.57991e-13	6.405e-11	0
7.625	3.5254e-14	1.98675e-12	0	2.61747e-13	5.95343e-11	0
7.875	1.17098e-14	1.83768e-12	0	2.35502e-13	5.3311e-11	0
8.125	2.48735e-14	1.86438e-12	0	2.10887e-13	4.75508e-11	0
8.375	1.56957e-14	1.9164e-12	0	1.76596e-13	4.21334e-11	0
8.625	1.3039e-14	1.85333e-12	0	1.84876e-13	3.67269e-11	0
8.875	1.56303e-14	1.97847e-12	0	1.70076e-13	3.13552e-11	0
9.125	1.00597e-14	1.6711e-12	0	1.51445e-13	2.66584e-11	0
9.375	1.30655e-14	1.7687e-12	0	2.16081e-13	2.23711e-11	0
9.625	1.08433e-14	1.70785e-12	0	1.87876e-13	1.90956e-11	0
9.875	1.32844e-14	1.5953e-12	0	1.37155e-13	1.54965e-11	0
10.125	7.78461e-15	1.71644e-12	0	1.46577e-13	1.28369e-11	0
10.375	1.20561e-14	1.58305e-12	0	1.17601e-13	1.08612e-11	0
10.625	1.85003e-14	1.46062e-12	0	1.32372e-13	8.71907e-12	0
10.875	1.24766e-14	1.38084e-12	0	1.10675e-13	6.92994e-12	0
11.125	9.69671e-15	1.40657e-12	0	1.33236e-13	6.26341e-12	0
11.375	9.50961e-15	1.27327e-12	0	8.29969e-14	5.16463e-12	0
11.625	9.68893e-15	1.16041e-12	0	6.6454e-14	4.28286e-12	0
11.875	1.41082e-14	1.25047e-12	0	9.69982e-14	3.72915e-12	0
12.125	1.06874e-14	1.1592e-12	0	1.19851e-13	3.45318e-12	0
12.375	9.549e-15	1.15861e-12	0	7.4578e-14	3.13595e-12	0
12.625	1.06603e-14	1.19683e-12	0	9.64177e-14	2.77715e-12	0
12.875	1.93346e-14	1.12603e-12	0	5.52909e-14	2.66663e-12	0
13.125	1.09554e-14	1.11913e-12	0	5.10671e-14	2.39869e-12	0
13.375	9.9888e-15	1.05048e-12	0	7.17039e-14	2.29706e-12	0
13.625	1.09199e-14	1.02839e-12	0	7.13732e-14	2.05442e-12	0
13.875	8.77791e-15	9.50008e-13	0	6.9244e-14	1.90202e-12	0
14.125	1.07543e-14	1.01118e-12	0	6.31554e-14	1.81269e-12	0
14.375	1.52292e-14	9.54787e-13	0	3.58102e-14	1.86569e-12	0
14.625	9.83501e-15	8.8805e-13	0	4.06785e-14	1.77829e-12	0
14.875	1.65704e-14	9.59218e-13	0	3.4245e-14	1.45078e-12	0
15.125	2.45867e-14	9.53744e-13	0	2.89982e-14	1.4875e-12	0
15.375	2.0116e-14	8.23866e-13	0	2.25322e-14	1.47646e-12	0
15.625	8.37221e-15	8.58583e-13	0	2.54344e-14	1.37048e-12	0
15.875	9.82838e-15	8.47157e-13	0	3.29325e-14	1.40452e-12	0
16.125	1.15291e-14	7.80009e-13	0	2.41524e-14	1.17662e-12	0
16.375	7.26937e-15	7.47052e-13	0	3.08164e-14	1.26584e-12	0
16.625	8.96634e-15	6.45969e-13	0	4.9728e-14	1.25404e-12	0
16.875	8.62369e-15	6.27799e-13	0	1.00101e-14	1.06464e-12	0
17.125	5.35161e-15	7.38275e-13	0	1.92376e-14	1.06523e-12	0
17.375	7.27144e-15	7.56623e-13	0	1.02566e-14	1.08309e-12	0
17.625	7.49467e-15	7.62151e-13	0	1.63643e-14	9.20918e-13	0
17.875	9.21088e-15	8.29435e-13	0	2.5224e-14	8.91482e-13	0
18.125	6.40033e-15	6.43238e-13	0	1.52406e-14	9.56e-13	0
18.375	5.6511e-15	7.99483e-13	0	1.23783e-14	7.25436e-13	0
18.625	9.68443e-15	7.16198e-13	0	1.04474e-14	7.32351e-13	0
18.875	5.61094e-15	5.62704e-13	0	1.39303e-14	6.96392e-13	0
19.125	6.30367e-15	5.96282e-13	0	8.52844e-15	6.93638e-13	0
19.375	5.71074e-15	5.99557e-13	0	9.59155e-15	6.5089e-13	0
19.625	7.16971e-15	6.01511e-13	0	1.07667e-14	6.5192e-13	0
19.875	1.80715e-14	5.05098e-13	0	1.17625e-14	6.6781e-13	0
20.125	4.42869e-15	6.80268e-13	0	7.09356e-15	5.50517e-13	0
20.375	6.49237e-15	5.50269e-13	0	4.41291e-15	6.65936e-13	0
20.625	4.64128e-15	5.40122e-13	0	6.81302e-15	5.80145e-13	0
20.875	5.35953e-15	5.68242e-13	0	7.61794e-15	5.42954e-13	0
21.125	3.3771e-15	4.91547e-13	0	5.10826e-15	4.45447e-13	0
21.375	6.51114e-15	5.39086e-13	0	7.23071e-15	3.70048e-13	0
21.625	1.93692e-15	4.18489e-13	0	3.83875e-15	4.23764e-13	0
21.875	7.81985e-15	3.63664e-13	0	3.42545e-15	4.02179e-13	0
22.125	3.34549e-15	3.85519e-13	0	6.96377e-15	4.23457e-13	0
22.375	2.88681e-15	5.06658e-13	0	5.44404e-15	4.02006e-13	0
22.625	3.78294e-15	3.67648e-13	0	4.37257e-15	3.69102e-13	0
22.875	4.33848e-15	3.73212e-13	0	5.27008e-15	4.22112e-13	0
23.125	4.58247e-15	3.17119e-13	0	5.33459e-15	3.41769e-13	0
23.375	6.94695e-15	2.92469e-13	0	2.7436e-15	2.89145e-13	0
23.625	7.03456e-15	3.26231e-13	0	5.4424e-15	3.24041e-13	0
23.875	1.05889e-15	4.07375e-13	0	3.30948e-15	3.28615e-13	0
24.125	3.03785e-15	3.23773e-13	0	1.67479e-15	2.46347e-13	0
24.375	7.72801e-15	2.72248e-13	0	2.22314e-15	2.64122e-13	0
24.625	4.3376e-15	3.63698e-13	0	4.3843e-15	3.19417e-13	0
24.875	2.05654e-15	3.26962e-13	0	2.23035e-15	3.05336e-13	0
25.125	3.24883e-15	2.66083e-13	0	2.54325e-15	3.02698e-13	0
25.375	1.39419e-15	1.96715e-13	0	3.74608e-15	2.1965e-13	0
25.625	5.97193e-15	2.73059e-13	0	3.80519e-15	2.52931e-13	0
25.875	3.28781e-15	2.39594e-13	0	2.71751e-15	2.55931e-13	0
26.125	4.55627e-15	1.8525e-13	0	2.97685e-15	2.11917e-13	0
26.375	1.99224e-15	2.82031e-13	0	1.97437e-15	2.32788e-13	0
26.625	7.17513e-15	2.40187e-13	0	3.71907e-15	1.75783e-13	0
26.875	4.38759e-15	2.69811e-13	0	1.90616e-15	2.05728e-13	0
27.125	1.2559e-14	1.77303e-13	0	8.52107e-16	1.86279e-13	0
27.375	2.01802e-15	1.54234e-13	0	9.23493e-16	2.2114e-13	0
27.625	1.58121e-15	1.44021e-13	0	1.57003e-15	1.97729e-13	0
27.875	2.42784e-15	1.28192e-13	0	1.66386e-15	2.0653e-13	0
28.125	3.72053e-15	1.13011e-13	0	7.51125e-16	1.29019e-13	0
28.375	1.40519e-15	2.7553e-13	0	1.57156e-15	1.45627e-13	0
28.625	3.31659e-15	2.38188e-13	0	1.33239e-15	1.56794e-13	0
28.875	1.611e-15	1.44695e-13	0	1.37676e-15	1.91761e-13	0
29.125	6.12246e-15	1.60152e-13	0	0	1.21574e-13	0
29.375	3.92852e-15	1.50652e-13	0	1.19787e-15	1.037e-13	0
29.625	4.16728e-15	7.67281e-14	0	7.67938e-16	1.14965e-13	0
29.875	4.02835e-15	1.41734e-13	0	1.78556e-15	1.08138e-13	0
30.125	4.60662e-16	1.36239e-13	0	1.90759e-15	1.2763e-13	0
30.375	4.15169e-15	1.15824e-13	0	1.00364e-15	1.23111e-13	0
30.625	2.40121e-15	1.86572e-13	0	1.61654e-15	1.50809e-13	0
30.875	4.92686e-15	1.22152e-13	0	1.60732e-15	1.02702e-13	0
31.125	2.53483e-15	1.14661e-13	0	2.56586e-15	1.34251e-13	0
31.375	2.47402e-15	5.27713e-14	0	1.0227e-15	9.62977e-14	0
31.625	2.58941e-15	8.50808e-14	0	0	7.13215e-14	0
31.875	1.03916e-15	9.36922e-14	0	1.73954e-15	9.04253e-14	0
32.125	3.53864e-15	9.99535e-14	0	8.43936e-16	8.95476e-14	0
32.375	2.5718e-15	9.0868e-14	0	4.64602e-16	1.15956e-13	0
32.625	1.29175e-15	1.05056e-13	0	8.29114e-16	6.35992e-14	0
32.875	1.26119e-15	7.27752e-14	0	6.21744e-16	6.6169e-14	0
33.125	3.12307e-15	5.27197e-14	0	1.92672e-15	6.35591e-14	0
33.375	6.03812e-16	1.22357e-13	0	0	6.28976e-14	0
33.625	1.96718e-15	1.0657e-13	0	1.40867e-15	5.56178e-14	0
33.875	2.03428e-15	1.00235e-13	0	8.2287e-16	4.47621e-14	0
34.125	5.08897e-15	6.56984e-14	0	0	4.75203e-14	0
34.375	1.34751e-15	1.26401e-13	0	0	4.82494e-14	0
34.625	6.30007e-16	5.18248e-14	0	7.36031e-16	1.26577e-13	0
34.875	1.35803e-15	4.7842e-14	0	0	4.3874e-14	0
35.125	2.70895e-15	8.40769e-14	0	6.5149e-16	4.58945e-14	0
35.375	0	4.8459e-14	0	0	3.8294e-14	0
35.625	1.61627e-15	7.07094e-14	0	5.7353e-16	4.30266e-14	0
35.875	1.79745e-15	4.78386e-14	0	9.89446e-16	3.56505e-14	0
36.125	6.46575e-14	1.06074e-13	0	0	4.71299e-14	0
36.375	3.60501e-15	1.06019e-13	0	5.44343e-16	4.19269e-14	0
36.625	2.13219e-15	4.35395e-14	0	8.98252e-16	2.98117e-14	0
36.875	1.45937e-15	5.36377e-14	0	0	3.48068e-14	0
37.125	3.62218e-15	1.00502e-13	0	1.20377e-15	3.06412e-14	0
37.375	2.64034e-15	4.26852e-14	0	1.46662e-15	3.15681e-14	0
37.625	7.21884e-16	4.75434e-14	0	8.15769e-16	6.63778e-14	0
37.875	0	4.28822e-14	0	0	2.56183e-14	0
38.125	0	7.1799e-14	0	0	3.02085e-14	0
38.375	0	1.15759e-13	0	1.77111e-15	2.95186e-14	0
38.625	0	4.02456e-14	0	1.05427e-15	2.60871e-14	0
38.875	0	4.13254e-14	0	6.34767e-16	3.08535e-14	0
39.125	0	4.06482e-14	0	6.71877e-16	2.83326e-14	0
39.375	0	3.05302e-14	0	8.39608e-16	2.20438e-14	0
39.625	3.34171e-15	8.11963e-14	0	9.73039e-16	6.0531e-14	0
39.875	3.21873e-15	5.63217e-14	0	0	2.31826e-14	0
40.125	1.864e-15	4.22114e-14	0	0	2.46398e-14	0
40.375	2.38216e-15	3.86005e-14	0	7.73245e-16	2.79204e-14	0
40.625	9.75684e-16	4.99414e-14	0	9.14361e-16	1.92398e-14	0
40.875	0	4.48303e-14	0	0	2.37555e-14	0
41.125	9.68605e-16	3.2647e-14	0	0	2.40433e-14	0
41.375	8.79272e-16	7.34497e-14	0	0	1.99649e-14	0
41.625	0	3.09589e-14	0	0	1.51575e-14	0
41.875	2.59013e-15	4.02711e-14	0	0	1.34267e-14	0
42.125	2.15553e-15	2.90939e-14	0	0	1.81278e-14	0
42.375	0	3.61646e-14	0	1.27566e-15	2.81749e-14	0
42.625	2.32601e-15	8.08355e-14	0	0	1.73643e-14	0
42.875	2.80666e-15	3.15036e-14	0	0	1.33969e-14	0
43.125	0	3.25714e-14	0	1.19215e-15	1.69398e-14	0
43.375	8.4262e-16	3.91104e-14	0	9.44317e-16	1.23412e-14	0
43.625	0	3.06304e-14	0	0	9.70705e-15	0
43.875	0	3.22311e-14	0	0	1.33233e-14	0
44.125	0	4.89609e-14	0	0	1.34955e-14	0
44.375	8.79301e-16	2.65493e-14	0	0	1.00501e-14	0
44.625	0	3.70263e-14	0	0	1.08934e-14	0
44.875	2.56671e-15	2.78844e-14	0	9.13549e-16	1.17261e-14	0
45.125	0	2.87936e-14	0	0	9.6492e-15	0
45.375	0	2.76679e-14	0	0	8.24463e-15	0
45.625	1.21423e-15	3.41459e-14	0	0	3.44089e-14	0
45.875	1.14361e-15	3.91447e-14	0	1.25106e-15	9.97596e-15	0
46.125	1.08781e-15	2.71328e-14	0	0	8.54379e-15	0
46.375	0	3.68459e-14	0	0	6.26308e-15	0
46.625	1.23519e-15	2.77337e-14	0	0	5.54185e-15	0
46.875	0	3.12301e-14	0	0	1.04238e-14	0
47.125	0	3.15648e-14	0	0	1.0531e-14	0
47.375	0	3.02736e-14	0	0	1.30926e-14	0
47.625	0	3.96763e-14	0	0	1.04185e-14	0
47.875	0	3.09111e-14	0	0	1.08608e-14	0
48.125	1.10726e-15	2.19537e-14	0	0	6.75355e-15	0
48.375	0	1.87679e-14	0	0	5.97254e-15	0
48.625	1.37387e-15	3.44672e-14	0	1.14199e-15	9.84443e-15	0
48.875	1.60385e-15	1.82959e-14	0	0	5.22114e-15	0
49.125	0	2.93589e-14	0	0	1.05625e-14	0
49.375	0	2.04526e-14	0	0	9.77188e-15	0
49.625	0	2.51434e-14	0	0	6.2767e-15	0
49.875	0	2.90074e-14	0	0	3.63387e-15	0
50.125	1.02176e-15	2.10801e-14	0	0	5.48724e-15	0
50.375	0	2.49798e-14	0	1.46784e-15	1.85667e-15	0
50.625	1.50386e-15	3.36465e-14	0	0	4.67306e-15	0
50.875	0	3.11402e-14	0	0	7.54973e-15	0
51.125	0	2.09678e-14	0	0	3.81139e-15	0
51.375	1.12888e-15	2.40531e-14	0	0	6.7264e-15	0
51.625	0	2.23373e-14	0	0	7.77089e-15	0
51.875	0	2.74899e-14	0	0	4.9106e-15	0
52.125	1.56894e-15	2.37728e-14	0	0	1.98305e-15	0
52.375	0	2.79879e-14	0	0	6.01174e-15	0
52.625	0	2.32055e-14	0	0	2.01181e-15	0
52.875	0	2.44658e-14	0	0	2.03806e-15	0
53.125	1.45045e-15	2.05587e-14	0	0	5.13912e-15	0
53.375	0	1.86664e-14	0	0	4.15294e-15	0
53.625	0	2.20268e-14	0	0	4.33969e-15	0
53.875	2.20758e-15	2.22236e-14	0	0	2.11548e-15	0
54.125	0	1.8161e-14	0	0	2.13735e-15	0
54.375	0	2.48186e-14	0	0	2.15138e-15	0
54.625	0	1.8507e-14	0	0	1.09137e-15	0
54.875	2.03561e-15	2.85577e-14	0	0	2.20015e-15	0
55.125	0	1.66124e-14	0	0	3.32191e-15	0
55.375	0	3.01846e-14	0	0	4.47762e-15	0
55.625	0	2.25585e-14	0	0	4.51481e-15	0
55.875	0	1.70553e-14	0	0	3.41563e-15	0
56.125	1.33373e-15	1.49184e-14	0	0	3.43716e-15	0
56.375	1.47813e-15	1.85373e-14	0	0	3.47356e-15	0
56.625	1.64935e-15	1.98706e-14	0	0	3.50436e-15	0
56.875	0	1.53365e-14	0	0	2.35812e-15	0
57.125	0	1.54747e-14	0	0	2.37952e-15	0
57.375	0	1.44084e-14	0	0	2.40272e-15	0
57.625	0	1.45339e-14	0	0	2.42442e-15	0
57.875	0	1.46449e-14	0	0	1.22221e-15	0
58.125	0	1.47916e-14	0	0	1.23595e-15	0
58.375	0	1.8652e-14	0	0	6.20488e-15	0
58.625	0	2.00466e-14	0	0	1.24996e-15	0
58.875	0	2.14792e-14	0	0	5.0571e-15	0
59.125	0	1.91265e-14	0	0	1.27157e-15	0
59.375	0	1.54161e-14	0	0	2.57233e-15	0
59.625	0	1.42481e-14	0	0	1.29905e-15	0
59.875	0	1.961e-14	0	0	2.6141e-15	0
60.125	2.0028e-15	1.18535e-14	0	0	0	0
60.375	0	1.06235e-14	0	0	0	0
60.625	0	2.5452e-14	0	0	1.33985e-15	0
60.875	0	8.11093e-15	0	0	0	0
61.125	0	1.7686e-14	0	0	0	0
61.375	0	1.23551e-14	0	0	2.74399e-15	0
61.625	0	1.24578e-14	0	0	4.16243e-15	0
61.875	0	1.25457e-14	0	0	2.79552e-15	0
62.125	0	1.40683e-14	0	0	2.8177e-15	0
62.375	0	1.84233e-14	0	0	2.83764e-15	0
62.625	0	1.28701e-14	0	0	2.85801e-15	0
62.875	0	1.44134e-14	0	0	0	0
63.125	0	2.03475e-14	0	0	2.89972e-15	0
63.375	0	1.17244e-14	0	0	1.46465e-15	0
63.625	0	1.62251e-14	0	0	0	0
63.875	0	1.18867e-14	0	0	0	0
64.125	0	7.48692e-15	0	0	0	0
64.375	0	1.6623e-14	0	0	1.51658e-15	0
64.625	0	4.56139e-15	0	0	1.52351e-15	0
64.875	0	2.14979e-14	0	0	0	0
65.125	0	1.39092e-14	0	0	1.55092e-15	0
65.375	0	2.02545e-14	0	0	0	0
65.625	0	1.25606e-14	0	0	0	0
65.875	0	6.33154e-15	0	0	0	0
66.125	0	1.11668e-14	0	0	0	0
66.375	0	8.02853e-15	0	0	0	0
66.625	0	1.13364e-14	0	0	1.61298e-15	0
66.875	0	1.14234e-14	0	0	1.63554e-15	0
67.125	0	9.86494e-15	0	0	0	0
67.375	0	1.32407e-14	0	0	0	0
67.625	0	1.33403e-14	0	0	0	0
67.875	0	1.00876e-14	0	0	1.67283e-15	0
68.125	0	8.453e-15	0	0	0	0
68.375	0	1.87465e-14	0	0	0	0
68.625	0	1.02892e-14	0	0	1.72168e-15	0
68.875	0	8.64142e-15	0	0	1.72772e-15	0
69.125	0	5.2227e-15	0	0	1.74046e-15	0
69.375	0	1.05275e-14	0	0	0	0
69.625	0	3.53625e-15	0	0	0	0
69.875	0	1.24681e-14	0	0	0	0
70.125	0	8.96456e-15	0	0	0	0
70.375	0	1.0843e-14	0	0	0	0
70.625	0	1.63627e-14	0	0	0	0
70.875	0	1.64802e-14	0	0	0	0
71.125	0	5.52671e-15	0	0	0	0
71.375	0	7.42215e-15	0	0	0	0
71.625	0	3.73155e-15	0	0	0	0
71.875	0	5.64374e-15	0	0	0	0
72.125	0	5.69465e-15	0	0	0	0
72.375	0	3.82653e-15	0	0	0	0
72.625	0	1.15486e-14	0	0	0	0
72.875	0	7.73513e-15	0	0	0	0
73.125	0	3.90555e-15	0	0	0	0
73.375	0	1.37381e-14	0	0	0	0
73.625	0	3.96268e-15	0	0	1.98368e-15	0
73.875	0	5.97155e-15	0	0	0	0
74.125	0	1.20189e-14	0	0	0	0
74.375	0	1.00837e-14	0	0	0	0
74.625	0	2.03412e-15	0	0	0	0
74.875	0	8.17903e-15	0	0	0	0
75.125	0	0	0	0	0	0
75.375	0	6.2063e-15	0	0	0	0
75.625	0	0	0	0	0	0
75.875	0	4.19342e-15	0	0	0	0
76.125	0	2.11899e-15	0	0	0	0
76.375	0	2.1291e-15	0	0	0	0
76.625	0	2.14465e-15	0	0	0	0
76.875	0	2.15042e-15	0	0	0	0
77.125	0	2.16704e-15	0	0	0	0
77.375	0	2.18394e-15	0	0	0	0
77.625	0	8.78259e-15	0	0	0	0
77.875	0	0	0	0	0	0
78.125	0	6.68555e-15	0	0	0	0
78.375	0	6.71626e-15	0	0	0	0
78.625	0	6.75159e-15	0	0	0	0
78.875	0	0	0	0	0	0
79.125	0	2.27546e-15	0	0	0	0
79.375	0	4.58765e-15	0	0	0	0
79.625	0	0	0	0	0	0
79.875	0	2.33049e-15	0	0	0	0
80.125	0	2.34606e-15	0	0	0	0
80.375	0	2.36065e-15	0	0	0	0
80.625	0	0	0	0	0	0
80.875	0	0	0	0	0	0
81.125	0	0	0	0	0	0
81.375	0	0	0	0	0	0
81.625	0	2.42682e-15	0	0	0	0
81.875	0	4.89075e-15	0	0	0	0
82.125	0	7.37502e-15	0	0	0	0
82.375	0	2.46915e-15	0	0	0	0
82.625	0	2.48047e-15	0	0	0	0
82.875	0	5.0048e-15	0	0	0	0
83.125	0	0	0	0	0	0
83.375	0	2.53908e-15	0	0	0	0
83.625	0	2.54829e-15	0	0	0	0
83.875	0	0	0	0	0	0
84.125	0	2.58995e-15	0	0	0	0
84.375	0	0	0	0	0	0
84.625	0	2.60276e-15	0	0	0	0
84.875	0	0	0	0	0	0
85.125	0	2.64615e-15	0	0	0	0
85.375	0	0	0	0	0	0
85.625	0	0	0	0	0	0
85.875	0	2.68834e-15	0	0	0	0
86.125	0	5.40608e-15	0	0	0	0
86.375	0	5.44371e-15	0	0	0	0
86.625	0	0	0	0	0	0
86.875	0	0	0	0	0	0
87.125	0	0	0	0	0	0
87.375	0	5.55782e-15	0	0	0	0
87.625	0	0	0	0	0	0
87.875	0	2.82089e-15	0	0	0	0
88.125	0	0	0	0	0	0
88.375	0	0	0	0	0	0
88.625	0	0	0	0	0	0
88.875	0	0	0	0	0	0
89.125	0	2.89757e-15	0	0	0	0
89.375	0	2.9108e-15	0	0	0	0
89.625	0	0	0	0	0	0
89.875	0	0	0	0	0	0
90.125	0	2.95971e-15	0	0	0	0
90.375	0	0	0	0	0	0
90.625	0	0	0	0	0	0
90.875	0	0	0	0	0	0
91.125	0	0	0	0	0	0
91.375	0	0	0	0	0	0
91.625	0	0	0	0	0	0
91.875	0	0	0	0	0	0
92.125	0	0	0	0	0	0
92.375	0	0	0	0	0	0
92.625	0	3.13383e-15	0	0	0	0
92.875	0	0	0	0	0	0
93.125	0	0	0	0	0	0
93.375	0	0	0	0	0	0
93.625	0	0	0	0	0	0
93.875	0	0	0	0	0	0
94.125	0	3.23267e-15	0	0	0	0
94.375	0	0	0	0	0	0
94.625	0	3.26778e-15	0	0	0	0
94.875	0	0	0	0	0	0
95.125	0	0	0	0	0	0
95.375	0	0	0	0	0	0
95.625	0	6.67168e-15	0	0	0	0
95.875	0	0	0	0	0	0
96.125	0	0	0	0	0	0
96.375	0	0	0	0	0	0
96.625	0	0	0	0	0	0
96.875	0	0	0	0	0	0
97.125	0	0	0	0	0	0
97.375	0	0	0	0	0	0
97.625	0	0	0	0	0	0
97.875	0	0	0	0	0	0
98.125	0	0	0	0	0	0
98.375	0	0	0	0	0	0
98.625	0	0	0	0	0	0
98.875	0	3.56464e-15	0	0	0	0
99.125	0	0	0	0	0	0
99.375	0	3.60675e-15	0	0	0	0
99.625	0	0	0	0	0	0
99.875	0	0	0	0	0	0
100.125	0	0	0	0	0	0
100.375	0	0	0	0	0	0
100.625	0	0	0	0	0	0
100.875	0	0	0	0	0	0
101.125	0	0	0	0	0	0
101.375	0	0	0	0	0	0
101.625	0	0	0	0	0	0
101.875	0	0	0	0	0	0
102.125	0	0	0	0	0	0
102.375	0	0	0	0	0	0
102.625	0	0	0	0	0	0
102.875	0	0	0	0	0	0
103.125	0	0	0	0	0	0
103.375	0	0	0	0	0	0
103.625	0	0	0	0	0	0
103.875	0	0	0	0	0	0
104.125	0	0	0	0	0	0
104.375	0	0	0	0	0	0
104.625	0	0	0	0	0	0
104.875	0	0	0	0	0	0
105.125	0	0	0	0	0	0
105.375	0	0	0	0	0	0
105.625	0	0	0	0	0	0
105.875	0	0	0	0	0	0
106.125	0	0	0	0	0	0
106.375	0	0	0	0	0	0
106.625	0	0	0	0	0	0
106.875	0	0	0	0	0	0
107.125	0	0	0	0	0	0
107.375	0	0	0	0	0	0
107.625	0	0	0	0	0	0
107.875	0	0	0	0	0	0
108.125	0	0	0	0	0	0
108.375	0	0	0	0	0	0
108.625	0	0	0	0	0	0
108.875	0	0	0	0	0	0
109.125	0	0	0	0	0	0
109.375	0	0	0	0	0	0
109.625	0	0	0	0	0	0
109.875	0	0	0	0	0	0
110.125	0	0	0	0	0	0
110.375	0	0	0	0	0	0
110.625	0	0	0	0	0	0
110.875	0	0	0	0	0	0
111.125	0	0	0	0	0	0
111.375	0	0	0	0	0	0
111.625	0	0	0	0	0	0
111.875	0	0	0	0	0	0
112.125	0	0	0	0	0	0
112.375	0	0	0	0	0	0
112.625	0	0	0	0	0	0
112.875	0	0	0	0	0	0
113.125	0	0	0	0	0	0
113.375	0	0	0	0	0	0
113.625	0	0	0	0	0	0
113.875	0	0	0	0	0	0
114.125	0	0	0	0	0	0
114.375	0	0	0	0	0	0
114.625	0	0	0	0	0	0
114.875	0	0	0	0	0	0
115.125	0	0	0	0	0	0
115.375	0	0	0	0	0	0
115.625	0	0	0	0	0	0
115.875	0	0	0	0	0	0
116.125	0	0	0	0	0	0
116.375	0	0	0	0	0	0
116.625	0	0	0	0	0	0
116.875	0	0	0	0	0	0
117.125	0	0	0	0	0	0
117.375	0	0	0	0	0	0
117.625	0	0	0	0	0	0
117.875	0	0	0	0	0	0
118.125	0	0	0	0	0	0
118.375	0	0	0	0	0	0
118.625	0	0	0	0	0	0
118.875	0	0	0	0	0	0
119.125	0	0	0	0	0	0
119.375	0	0	0	0	0	0
119.625	0	0	0	0	0	0
119.875	0	0	0	0	0	0
120.125	0	0	0	0	0	0
120.375	0	0	0	0	0	0
120.625	0	0	0	0	0	0
120.875	0	0	0	0	0	0
121.125	0	0	0	0	0	0
121.375	0	0	0	0	0	0
121.625	0	0	0	0	0	0
121.875	0	0	0	0	0	0
122.125	0	0	0	0	0	0
122.375	0	0	0	0	0	0
122.625	0	0	0	0	0	0
122.875	0	0	0	0	0	0
123.125	0	0	0	0	0	0
123.375	0	0	0	0	0	0
123.625	0	0	0	0	0	0
123.875	0	0	0	0	0	0
124.125	0	0	0	0	0	0
124.375	0	0	0	0	0	0
124.625	0	0	0	0	0	0
124.875	0	0	0	0	0	0
125.125	0	0	0	0	0	0
