# Energy (GeV)          (numu/m^2/GeV/POT)      (anue/m^2/GeV/POT)              (nutau/m^2/GeV/POT)
#       (nue/m^2/GeV/POT)               (nutau/m^2/GeV/POT)     (anumu/m^2/GeV/POT)
0.125	1.02874e-14	1.12468e-12	0	3.68444e-15	1.44618e-12	0
0.375	4.86184e-14	5.24256e-12	0	1.53234e-14	2.58078e-12	0
0.625	1.03811e-13	8.69587e-12	0	2.58046e-14	2.77656e-12	0
0.875	1.45455e-13	9.16635e-12	0	3.03745e-14	2.69271e-12	0
1.125	1.76064e-13	9.72491e-12	0	2.78517e-14	2.65822e-12	0
1.375	2.28103e-13	1.1766e-11	0	2.72371e-14	2.5487e-12	0
1.625	2.74242e-13	1.58335e-11	0	2.48724e-14	2.39854e-12	0
1.875	2.78932e-13	2.31022e-11	0	2.26186e-14	2.30436e-12	0
2.125	3.28663e-13	3.36378e-11	0	2.20136e-14	2.2236e-12	0
2.375	3.74212e-13	4.40919e-11	0	1.86644e-14	2.25365e-12	0
2.625	4.48904e-13	5.42884e-11	0	2.24566e-14	2.17333e-12	0
2.875	4.32104e-13	6.5739e-11	0	1.48017e-14	2.19282e-12	0
3.125	4.53921e-13	7.58645e-11	0	1.61782e-14	2.16276e-12	0
3.375	4.26756e-13	8.31969e-11	0	1.43549e-14	2.22149e-12	0
3.625	4.77165e-13	8.78888e-11	0	1.3631e-14	2.12257e-12	0
3.875	4.78627e-13	8.97909e-11	0	1.4742e-14	2.22853e-12	0
4.125	4.90097e-13	9.18207e-11	0	1.45296e-14	2.16094e-12	0
4.375	4.74813e-13	9.36658e-11	0	1.76003e-14	2.13534e-12	0
4.625	5.19427e-13	9.42362e-11	0	1.52385e-14	2.02972e-12	0
4.875	5.07708e-13	9.61063e-11	0	8.91451e-15	2.04414e-12	0
5.125	4.3569e-13	9.67545e-11	0	1.68154e-14	1.92605e-12	0
5.375	5.13878e-13	9.70107e-11	0	1.06363e-14	1.93322e-12	0
5.625	4.43101e-13	9.69263e-11	0	1.37688e-14	1.89318e-12	0
5.875	3.87358e-13	9.80349e-11	0	1.66543e-14	1.86459e-12	0
6.125	3.87304e-13	9.73843e-11	0	1.21474e-14	1.8731e-12	0
6.375	3.6772e-13	9.78699e-11	0	9.19886e-15	1.80234e-12	0
6.625	3.50212e-13	9.69292e-11	0	1.29588e-14	1.73741e-12	0
6.875	4.03238e-13	9.59299e-11	0	1.64259e-14	1.70266e-12	0
7.125	3.47321e-13	9.47624e-11	0	1.16373e-14	1.61314e-12	0
7.375	4.00035e-13	8.98809e-11	0	6.83519e-15	1.54052e-12	0
7.625	3.15823e-13	8.50119e-11	0	8.45802e-15	1.57627e-12	0
7.875	3.26111e-13	7.69886e-11	0	7.94634e-15	1.42755e-12	0
8.125	3.43491e-13	6.98629e-11	0	8.66521e-15	1.50704e-12	0
8.375	2.98609e-13	6.28289e-11	0	1.04532e-14	1.35309e-12	0
8.625	3.2893e-13	5.48671e-11	0	6.31008e-15	1.30644e-12	0
8.875	3.14532e-13	4.82416e-11	0	8.97067e-15	1.21463e-12	0
9.125	2.42541e-13	4.10596e-11	0	7.55882e-15	1.21179e-12	0
9.375	2.6134e-13	3.55626e-11	0	8.46288e-15	1.16045e-12	0
9.625	2.62972e-13	2.99842e-11	0	1.26348e-14	1.13655e-12	0
9.875	2.8137e-13	2.51183e-11	0	6.62012e-15	1.11879e-12	0
10.125	1.95115e-13	2.05853e-11	0	4.5448e-15	1.1749e-12	0
10.375	1.99711e-13	1.68156e-11	0	8.10698e-15	1.05289e-12	0
10.625	1.88407e-13	1.41455e-11	0	8.74943e-15	9.9617e-13	0
10.875	1.99759e-13	1.16795e-11	0	8.199e-15	9.64053e-13	0
11.125	1.81825e-13	9.30991e-12	0	4.74834e-15	9.5715e-13	0
11.375	1.58984e-13	7.74943e-12	0	7.92035e-15	9.87517e-13	0
11.625	1.66501e-13	7.17394e-12	0	6.13845e-15	8.9714e-13	0
11.875	1.32779e-13	6.16829e-12	0	5.34329e-15	8.73837e-13	0
12.125	1.40954e-13	5.37949e-12	0	1.05679e-14	7.7416e-13	0
12.375	1.65555e-13	5.13802e-12	0	2.48799e-15	7.7275e-13	0
12.625	1.26737e-13	4.51252e-12	0	1.7269e-14	7.45142e-13	0
12.875	1.41093e-13	4.40441e-12	0	1.70274e-15	7.70758e-13	0
13.125	1.11024e-13	4.11132e-12	0	1.19482e-14	6.07583e-13	0
13.375	1.26986e-13	3.62052e-12	0	5.95422e-15	5.62959e-13	0
13.625	1.04419e-13	3.42044e-12	0	2.81134e-15	6.29412e-13	0
13.875	9.34989e-14	3.58416e-12	0	4.7219e-15	5.52256e-13	0
14.125	9.94492e-14	3.15591e-12	0	4.08912e-15	6.05465e-13	0
14.375	9.73756e-14	2.98402e-12	0	3.17446e-15	6.07073e-13	0
14.625	6.38537e-14	2.99169e-12	0	1.0233e-14	5.93485e-13	0
14.875	4.9457e-14	2.66094e-12	0	3.9552e-15	5.79591e-13	0
15.125	6.69339e-14	2.8121e-12	0	3.18656e-15	5.25742e-13	0
15.375	6.33999e-14	2.68768e-12	0	4.40799e-15	5.23127e-13	0
15.625	6.92559e-14	2.37361e-12	0	4.42902e-15	5.15746e-13	0
15.875	7.99377e-14	2.19448e-12	0	2.79505e-15	4.94881e-13	0
16.125	5.13642e-14	2.04112e-12	0	2.94567e-15	4.76173e-13	0
16.375	3.41454e-14	2.22758e-12	0	2.75098e-15	5.15162e-13	0
16.625	3.90572e-14	2.12469e-12	0	2.31317e-15	4.51545e-13	0
16.875	7.28831e-14	2.13054e-12	0	2.33943e-15	5.04549e-13	0
17.125	4.40681e-14	1.92185e-12	0	9.05544e-16	4.10251e-13	0
17.375	4.12134e-14	1.90453e-12	0	3.10871e-15	4.86429e-13	0
17.625	3.63771e-14	1.72531e-12	0	2.21023e-15	3.95987e-13	0
17.875	4.30238e-14	1.8428e-12	0	2.09615e-15	3.85752e-13	0
18.125	6.97321e-14	1.62183e-12	0	1.61893e-15	3.70707e-13	0
18.375	2.7351e-14	1.5922e-12	0	3.23852e-15	4.00481e-13	0
18.625	3.25883e-14	1.47626e-12	0	1.69057e-15	4.25002e-13	0
18.875	3.48884e-14	1.38401e-12	0	2.96638e-15	3.75311e-13	0
19.125	3.64034e-14	1.41069e-12	0	1.07018e-15	2.71567e-13	0
19.375	4.07069e-14	1.37246e-12	0	1.5628e-15	4.07135e-13	0
19.625	3.71526e-14	1.32867e-12	0	1.39892e-15	2.98186e-13	0
19.875	3.56346e-14	1.23036e-12	0	2.95001e-15	3.09443e-13	0
20.125	2.31057e-14	1.28459e-12	0	1.96194e-15	3.48593e-13	0
20.375	2.42435e-14	1.07839e-12	0	1.65872e-15	2.72088e-13	0
20.625	2.29873e-14	1.13294e-12	0	8.28674e-16	2.89627e-13	0
20.875	3.08036e-14	1.01892e-12	0	2.73015e-15	2.82823e-13	0
21.125	3.05922e-14	1.09073e-12	0	1.62332e-15	2.07838e-13	0
21.375	2.42481e-14	9.44892e-13	0	1.19018e-15	2.63991e-13	0
21.625	2.63084e-14	9.13204e-13	0	1.78213e-15	1.66388e-13	0
21.875	1.42677e-14	8.79848e-13	0	9.99891e-15	1.87335e-13	0
22.125	2.21115e-14	9.08899e-13	0	1.46177e-15	1.9749e-13	0
22.375	2.81836e-14	9.06822e-13	0	1.78151e-15	1.49825e-13	0
22.625	1.6859e-14	7.8365e-13	0	2.82116e-16	1.7218e-13	0
22.875	1.56472e-14	7.65858e-13	0	1.19994e-15	1.33369e-13	0
23.125	1.63781e-14	7.32729e-13	0	1.98555e-15	1.31259e-13	0
23.375	1.90207e-14	7.61032e-13	0	1.83131e-15	1.47634e-13	0
23.625	1.78686e-14	6.84592e-13	0	1.81543e-15	1.59693e-13	0
23.875	1.24129e-14	6.88046e-13	0	1.4838e-15	1.92064e-13	0
24.125	1.23717e-14	6.81259e-13	0	1.01805e-15	1.11086e-13	0
24.375	1.66145e-14	6.46771e-13	0	6.57553e-16	1.72569e-13	0
24.625	2.30327e-14	6.35773e-13	0	2.29605e-15	1.06761e-13	0
24.875	2.1997e-14	6.35727e-13	0	2.73877e-16	9.85001e-14	0
25.125	1.34412e-14	4.93123e-13	0	1.88005e-15	9.20427e-14	0
25.375	1.53165e-14	6.28486e-13	0	0	2.39145e-13	0
25.625	1.24722e-14	5.46381e-13	0	0	1.41381e-13	0
25.875	1.9954e-14	5.17249e-13	0	3.7369e-16	1.33677e-13	0
26.125	1.34915e-14	5.82438e-13	0	1.44222e-15	4.83659e-14	0
26.375	1.07975e-14	5.2997e-13	0	1.54091e-15	1.19484e-13	0
26.625	1.03836e-14	5.31302e-13	0	3.96997e-16	1.21333e-13	0
26.875	1.80768e-14	4.24114e-13	0	1.6686e-15	8.22157e-14	0
27.125	1.88044e-14	4.45407e-13	0	1.05442e-15	3.20901e-14	0
27.375	1.6539e-14	4.78402e-13	0	9.95589e-16	4.83307e-14	0
27.625	7.77034e-15	4.32639e-13	0	1.54224e-15	8.67961e-14	0
27.875	7.81053e-15	4.69546e-13	0	4.46405e-16	7.25051e-14	0
28.125	9.04392e-15	4.88143e-13	0	0	9.18192e-14	0
28.375	9.66371e-15	4.29207e-13	0	1.35855e-15	9.21405e-14	0
28.625	6.76393e-15	3.97304e-13	0	5.00569e-16	9.09774e-14	0
28.875	2.01701e-14	4.0741e-13	0	2.06525e-15	4.28777e-14	0
29.125	8.5512e-15	3.79808e-13	0	7.82097e-16	7.91037e-14	0
29.375	7.83438e-15	4.23197e-13	0	0	7.33382e-14	0
29.625	8.4274e-15	3.50177e-13	0	5.24747e-16	3.07548e-14	0
29.875	7.30271e-15	3.98553e-13	0	2.30268e-15	3.65027e-14	0
30.125	8.34085e-15	3.15244e-13	0	1.38948e-15	4.02753e-14	0
30.375	7.58164e-15	3.20611e-13	0	5.58535e-16	1.51329e-14	0
30.625	6.41884e-15	3.29297e-13	0	1.04823e-15	5.71344e-14	0
30.875	1.24309e-14	2.69538e-13	0	1.31379e-15	1.70128e-14	0
31.125	5.43385e-15	2.91552e-13	0	0	4.0114e-14	0
31.375	1.00155e-14	2.88347e-13	0	0	3.39081e-14	0
31.625	3.89458e-15	3.01329e-13	0	0	3.72425e-14	0
31.875	1.41053e-15	3.0485e-13	0	1.22592e-15	4.50585e-14	0
32.125	8.02999e-15	2.74186e-13	0	9.6986e-16	1.65392e-14	0
32.375	6.09508e-15	2.72742e-13	0	0	1.25999e-14	0
32.625	4.72027e-15	2.86694e-13	0	1.34344e-15	8.32791e-14	0
32.875	2.77186e-15	2.7593e-13	0	5.45987e-16	3.67037e-14	0
33.125	3.92868e-15	2.9493e-13	0	1.2997e-15	3.91416e-14	0
33.375	4.02639e-15	2.99059e-13	0	0	3.81109e-14	0
33.625	5.99705e-15	2.49964e-13	0	6.85655e-16	1.07263e-14	0
33.875	1.78411e-15	2.01345e-13	0	0	6.62438e-14	0
34.125	4.1052e-15	2.00636e-13	0	9.06547e-16	1.39889e-14	0
34.375	2.95759e-15	1.99751e-13	0	1.41054e-15	9.47885e-15	0
34.625	4.08682e-15	1.95635e-13	0	0	1.22331e-14	0
34.875	3.85492e-15	2.352e-13	0	0	3.88655e-14	0
35.125	2.02746e-15	2.20972e-13	0	0	1.30424e-14	0
35.375	7.21488e-15	2.12226e-13	0	0	7.29807e-15	0
35.625	5.6103e-15	1.68869e-13	0	0	1.2033e-14	0
35.875	2.24741e-15	2.11936e-13	0	0	1.07877e-14	0
36.125	1.04962e-15	1.689e-13	0	0	4.21305e-14	0
36.375	6.48415e-16	1.80568e-13	0	0	3.64629e-14	0
36.625	0	2.3183e-13	0	0	7.81702e-15	0
36.875	8.11853e-15	1.60107e-13	0	0	5.44846e-15	0
37.125	8.58643e-16	1.85186e-13	0	0	8.54254e-15	0
37.375	1.12901e-14	1.54118e-13	0	0	6.11072e-15	0
37.625	1.604e-15	1.70726e-13	0	8.23261e-16	1.17181e-14	0
37.875	4.33822e-15	1.46393e-13	0	0	1.04575e-14	0
38.125	2.70082e-14	1.52583e-13	0	0	3.96779e-14	0
38.375	3.87765e-15	1.4903e-13	0	0	6.28825e-15	0
38.625	2.82327e-15	1.55088e-13	0	0	8.71404e-15	0
38.875	9.19262e-16	1.39321e-13	0	1.46991e-15	1.10285e-14	0
39.125	2.99993e-15	1.21637e-13	0	0	8.36301e-15	0
39.375	1.2021e-15	1.39988e-13	0	0	8.48061e-15	0
39.625	0	1.29275e-13	0	0	2.28806e-15	0
39.875	1.09276e-15	2.04992e-13	0	0	7.53175e-15	0
40.125	3.40432e-15	1.17655e-13	0	0	9.98537e-15	0
40.375	4.32023e-15	1.31189e-13	0	0	8.31544e-15	0
40.625	3.94191e-15	1.2271e-13	0	0	7.22633e-15	0
40.875	0	1.2204e-13	0	0	7.31258e-15	0
41.125	8.97676e-16	1.09614e-13	0	0	7.39169e-15	0
41.375	0	1.01458e-13	0	1.13976e-15	7.48806e-15	0
41.625	3.35341e-15	1.22751e-13	0	0	5.05434e-15	0
41.875	1.2654e-15	1.00369e-13	0	0	3.19522e-15	0
42.125	0	1.13768e-13	0	0	3.87908e-15	0
42.375	2.82548e-15	9.75154e-14	0	0	5.89957e-15	0
42.625	1.25571e-15	1.44222e-13	0	0	5.95223e-15	0
42.875	1.39682e-15	9.51478e-14	0	0	4.70048e-15	0
43.125	0	1.02392e-13	0	0	2.71334e-15	0
43.375	1.08281e-15	9.59809e-14	0	0	4.79614e-15	0
43.625	3.1245e-15	9.09548e-14	0	0	4.84596e-15	0
43.875	2.0575e-15	9.68055e-14	0	0	3.50182e-15	0
44.125	2.85165e-15	8.58777e-14	0	0	4.26676e-15	0
44.375	0	8.25455e-14	0	0	7.89231e-15	0
44.625	0	8.34756e-14	0	0	3.6301e-15	0
44.875	1.18956e-15	8.58614e-14	0	0	2.20059e-15	0
45.125	1.52811e-15	8.94776e-14	0	0	2.22787e-15	0
45.375	1.26084e-15	8.44642e-14	0	0	1.04934e-14	0
45.625	2.89077e-15	8.72795e-14	0	0	3.79671e-15	0
45.875	1.26997e-15	8.71981e-14	0	1.5577e-15	4.60039e-15	0
46.125	9.25225e-16	6.82195e-14	0	0	3.10117e-15	0
46.375	0	7.4466e-14	0	0	2.35318e-15	0
46.625	0	7.60744e-14	0	0	5.54319e-15	0
46.875	0	7.5275e-14	0	0	2.40716e-15	0
47.125	0	6.96379e-14	0	0	8.11564e-16	0
47.375	0	6.79046e-14	0	0	3.27556e-15	0
47.625	1.0407e-15	7.35751e-14	0	0	3.29889e-15	0
47.875	2.5812e-15	6.18555e-14	0	0	2.50354e-15	0
48.125	1.34804e-15	7.42933e-14	0	0	4.21047e-15	0
48.375	0	6.22807e-14	0	0	3.4084e-15	0
48.625	1.71612e-15	5.94322e-14	0	0	1.71999e-15	0
48.875	1.34658e-15	5.05132e-14	0	0	5.21996e-15	0
49.125	0	6.1641e-14	0	0	2.64614e-15	0
49.375	0	5.06606e-14	0	0	2.66789e-15	0
49.625	0	6.28636e-14	0	0	3.60206e-15	0
49.875	0	6.07565e-14	0	0	0	0
50.125	9.92328e-16	5.58491e-14	0	0	4.57941e-15	0
50.375	0	5.27398e-14	0	0	5.55043e-15	0
50.625	1.28355e-15	5.9777e-14	0	0	0	0
50.875	0	4.90631e-14	0	0	2.83351e-15	0
51.125	1.36205e-15	4.57447e-14	0	0	2.84899e-15	0
51.375	0	4.81128e-14	0	0	9.63955e-16	0
51.625	1.75772e-15	4.95064e-14	0	0	0	0
51.875	0	4.71193e-14	0	0	9.85363e-16	0
52.125	1.90303e-15	5.44926e-14	0	0	9.91299e-16	0
52.375	0	4.57833e-14	0	0	2.00037e-15	0
52.625	0	5.14789e-14	0	0	0	0
52.875	1.47839e-15	4.89089e-14	0	0	1.01939e-15	0
53.125	1.41235e-15	4.83762e-14	0	0	3.09029e-15	0
53.375	0	4.25775e-14	0	0	4.15574e-15	0
53.625	0	3.56194e-14	0	0	3.14404e-15	0
53.875	0	4.86557e-14	0	0	1.06019e-15	0
54.125	0	4.27293e-14	0	0	2.14192e-15	0
54.375	0	4.0956e-14	0	0	1.07695e-15	0
54.625	0	3.48287e-14	0	0	1.09162e-15	0
54.875	0	3.29173e-14	0	0	1.10142e-15	0
55.125	0	3.9886e-14	0	0	6.64613e-15	0
55.375	1.73859e-15	4.58139e-14	0	0	3.36393e-15	0
55.625	0	3.61e-14	0	0	1.12333e-15	0
55.875	1.44116e-15	4.89259e-14	0	0	2.27579e-15	0
56.125	0	2.52704e-14	0	0	0	0
56.375	1.46572e-15	3.35968e-14	0	0	3.47329e-15	0
56.625	0	3.03837e-14	0	0	2.34083e-15	0
56.875	0	2.83343e-14	0	0	1.18306e-15	0
57.125	0	3.44551e-14	0	0	2.38216e-15	0
57.375	0	3.48277e-14	0	0	1.20395e-15	0
57.625	0	3.51259e-14	0	0	0	0
57.875	0	2.07425e-14	0	0	3.6632e-15	0
58.125	0	3.07692e-14	0	0	1.23112e-15	0
58.375	1.44134e-15	2.48643e-14	0	0	0	0
58.625	1.40304e-15	3.0056e-14	0	0	0	0
58.875	0	3.40952e-14	0	0	0	0
59.125	0	2.92995e-14	0	0	1.27504e-15	0
59.375	0	2.69635e-14	0	0	0	0
59.625	0	3.49717e-14	0	0	0	0
59.875	0	1.96089e-14	0	0	1.30746e-15	0
60.125	0	1.71536e-14	0	0	0	0
60.375	0	3.32128e-14	0	0	1.32891e-15	0
60.625	0	2.14245e-14	0	0	1.33743e-15	0
60.875	0	2.83592e-14	0	0	1.34671e-15	0
61.125	0	3.2668e-14	0	0	0	0
61.375	0	2.19824e-14	0	0	0	0
61.625	0	1.38413e-14	0	0	0	0
61.875	0	3.20993e-14	0	0	1.39651e-15	0
62.125	0	2.11078e-14	0	0	1.40508e-15	0
62.375	0	2.83676e-14	0	0	0	0
62.625	0	2.00085e-14	0	0	0	0
62.875	1.68341e-15	3.17172e-14	0	0	0	0
63.125	1.91367e-15	1.88766e-14	0	0	0	0
63.375	0	2.34143e-14	0	0	0	0
63.625	0	2.06693e-14	0	0	2.95165e-15	0
63.875	0	2.08136e-14	0	0	0	0
64.125	0	2.24782e-14	0	0	0	0
64.375	0	2.26414e-14	0	0	0	0
64.625	0	2.74217e-14	0	0	0	0
64.875	0	2.30198e-14	0	0	0	0
65.125	0	2.78411e-14	0	0	1.54545e-15	0
65.375	0	1.99958e-14	0	0	0	0
65.625	0	2.35351e-14	0	0	0	0
65.875	0	3.47846e-14	0	0	0	0
66.125	0	1.91393e-14	0	0	0	0
66.375	0	2.40875e-14	0	0	0	0
66.625	0	1.29596e-14	0	0	1.61647e-15	0
66.875	0	1.62986e-14	0	0	0	0
67.125	0	6.57015e-15	0	0	0	0
67.375	0	1.81991e-14	0	0	0	0
67.625	0	1.6674e-14	0	0	0	0
67.875	0	2.01584e-14	0	0	0	0
68.125	0	1.35227e-14	0	0	0	0
68.375	0	1.70421e-14	0	0	0	0
68.625	0	1.8887e-14	0	0	0	0
68.875	0	2.07558e-14	0	0	0	0
69.125	0	6.97598e-15	0	0	0	0
69.375	0	1.4053e-14	0	0	0	0
69.625	2.00529e-15	1.23829e-14	0	0	0	0
69.875	0	7.12208e-15	0	0	0	0
70.125	0	8.97068e-15	0	0	1.78954e-15	0
70.375	0	1.44487e-14	0	0	0	0
70.625	0	9.09219e-15	0	0	0	0
70.875	0	9.15345e-15	0	0	0	0
71.125	0	1.4737e-14	0	0	0	0
71.375	0	7.44339e-15	0	0	0	0
71.625	0	1.31016e-14	0	0	0	0
71.875	0	3.7672e-15	0	0	0	0
72.125	0	7.57255e-15	0	0	0	0
72.375	0	7.63698e-15	0	0	0	0
72.625	0	7.69621e-15	0	0	0	0
72.875	0	9.66859e-15	0	0	0	0
73.125	0	1.5596e-14	0	0	1.95622e-15	0
73.375	0	1.3753e-14	0	0	0	0
73.625	0	7.90859e-15	0	0	0	0
73.875	0	1.79084e-14	0	0	0	0
74.125	0	8.01986e-15	0	0	0	0
74.375	0	1.00854e-14	0	0	0	0
74.625	0	4.05161e-15	0	0	0	0
74.875	0	4.0811e-15	0	0	0	0
75.125	0	1.23348e-14	0	0	0	0
75.375	0	4.13639e-15	0	0	0	0
75.625	0	6.25307e-15	0	0	0	0
75.875	0	1.04955e-14	0	0	0	0
76.125	0	8.46615e-15	0	0	0	0
76.375	0	1.06394e-14	0	0	0	0
76.625	0	2.13342e-15	0	0	0	0
76.875	0	2.15608e-15	0	0	0	0
77.125	0	8.67405e-15	0	0	0	0
77.375	0	8.74265e-15	0	0	0	0
77.625	0	6.58993e-15	0	0	0	0
77.875	0	4.41411e-15	0	0	0	0
78.125	0	2.2326e-15	0	0	0	0
78.375	0	8.94986e-15	0	0	0	0
78.625	0	6.76662e-15	0	0	0	0
78.875	0	4.53399e-15	0	0	0	0
79.125	0	6.84962e-15	0	0	0	0
79.375	0	0	0	0	0	0
79.625	0	0	0	0	0	0
79.875	0	6.98756e-15	0	0	0	0
80.125	0	7.0227e-15	0	0	0	0
80.375	0	7.07697e-15	0	0	0	0
80.625	0	0	0	0	0	0
80.875	0	0	0	0	0	0
81.125	0	0	0	0	0	0
81.375	0	0	0	0	0	0
81.625	0	2.42419e-15	0	0	0	0
81.875	0	2.44563e-15	0	0	0	0
82.125	0	2.45788e-15	0	0	0	0
82.375	0	0	0	0	0	0
82.625	0	2.48685e-15	0	0	0	0
82.875	0	0	0	0	0	0
83.125	0	0	0	0	0	0
83.375	0	2.53999e-15	0	0	0	0
83.625	0	5.1075e-15	0	0	0	0
83.875	0	2.56173e-15	0	0	0	0
84.125	0	2.5769e-15	0	0	0	0
84.375	0	0	0	0	0	0
84.625	0	2.60459e-15	0	0	0	0
84.875	0	2.62435e-15	0	0	0	0
85.125	0	0	0	0	0	0
85.375	0	0	0	0	0	0
85.625	0	2.67937e-15	0	0	0	0
85.875	0	5.3857e-15	0	0	0	0
86.125	0	0	0	0	0	0
86.375	0	0	0	0	0	0
86.625	0	2.74197e-15	0	0	0	0
86.875	0	2.74672e-15	0	0	0	0
87.125	0	2.77324e-15	0	0	0	0
87.375	0	0	0	0	0	0
87.625	0	2.78995e-15	0	0	0	0
87.875	0	2.82015e-15	0	0	0	0
88.125	0	0	0	0	0	0
88.375	0	0	0	0	0	0
88.625	0	0	0	0	0	0
88.875	0	0	0	0	0	0
89.125	0	2.89317e-15	0	0	0	0
89.375	0	5.83021e-15	0	0	0	0
89.625	0	0	0	0	0	0
89.875	0	0	0	0	0	0
90.125	0	0	0	0	0	0
90.375	0	0	0	0	0	0
90.625	0	0	0	0	0	0
90.875	0	0	0	0	0	0
91.125	0	0	0	0	0	0
91.375	0	0	0	0	0	0
91.625	0	0	0	0	0	0
91.875	0	0	0	0	0	0
92.125	0	0	0	0	0	0
92.375	0	0	0	0	0	0
92.625	0	0	0	0	0	0
92.875	0	0	0	0	0	0
93.125	0	0	0	0	0	0
93.375	0	0	0	0	0	0
93.625	0	3.20075e-15	0	0	0	0
93.875	0	0	0	0	0	0
94.125	0	0	0	0	0	0
94.375	0	0	0	0	0	0
94.625	0	0	0	0	0	0
94.875	0	0	0	0	0	0
95.125	0	0	0	0	0	0
95.375	0	3.3236e-15	0	0	0	0
95.625	0	0	0	0	0	0
95.875	0	0	0	0	0	0
96.125	0	0	0	0	0	0
96.375	0	0	0	0	0	0
96.625	0	0	0	0	0	0
96.875	0	0	0	0	0	0
97.125	0	0	0	0	0	0
97.375	0	0	0	0	0	0
97.625	0	0	0	0	0	0
97.875	0	0	0	0	0	0
98.125	0	0	0	0	0	0
98.375	0	0	0	0	0	0
98.625	0	0	0	0	0	0
98.875	0	0	0	0	0	0
99.125	0	3.59217e-15	0	0	0	0
99.375	0	0	0	0	0	0
99.625	0	0	0	0	0	0
99.875	0	0	0	0	0	0
100.125	0	0	0	0	0	0
100.375	0	0	0	0	0	0
100.625	0	0	0	0	0	0
100.875	0	0	0	0	0	0
101.125	0	0	0	0	0	0
101.375	0	0	0	0	0	0
101.625	0	0	0	0	0	0
101.875	0	0	0	0	0	0
102.125	0	0	0	0	0	0
102.375	0	0	0	0	0	0
102.625	0	0	0	0	0	0
102.875	0	0	0	0	0	0
103.125	0	0	0	0	0	0
103.375	0	0	0	0	0	0
103.625	0	0	0	0	0	0
103.875	0	0	0	0	0	0
104.125	0	0	0	0	0	0
104.375	0	0	0	0	0	0
104.625	0	0	0	0	0	0
104.875	0	0	0	0	0	0
105.125	0	0	0	0	0	0
105.375	0	0	0	0	0	0
105.625	0	0	0	0	0	0
105.875	0	0	0	0	0	0
106.125	0	0	0	0	0	0
106.375	0	0	0	0	0	0
106.625	0	0	0	0	0	0
106.875	0	0	0	0	0	0
107.125	0	0	0	0	0	0
107.375	0	0	0	0	0	0
107.625	0	0	0	0	0	0
107.875	0	0	0	0	0	0
108.125	0	0	0	0	0	0
108.375	0	0	0	0	0	0
108.625	0	0	0	0	0	0
108.875	0	0	0	0	0	0
109.125	0	0	0	0	0	0
109.375	0	0	0	0	0	0
109.625	0	0	0	0	0	0
109.875	0	0	0	0	0	0
110.125	0	0	0	0	0	0
110.375	0	0	0	0	0	0
110.625	0	0	0	0	0	0
110.875	0	0	0	0	0	0
111.125	0	0	0	0	0	0
111.375	0	0	0	0	0	0
111.625	0	0	0	0	0	0
111.875	0	0	0	0	0	0
112.125	0	0	0	0	0	0
112.375	0	0	0	0	0	0
112.625	0	0	0	0	0	0
112.875	0	0	0	0	0	0
113.125	0	0	0	0	0	0
113.375	0	0	0	0	0	0
113.625	0	0	0	0	0	0
113.875	0	0	0	0	0	0
114.125	0	0	0	0	0	0
114.375	0	0	0	0	0	0
114.625	0	0	0	0	0	0
114.875	0	0	0	0	0	0
115.125	0	0	0	0	0	0
115.375	0	0	0	0	0	0
115.625	0	0	0	0	0	0
115.875	0	0	0	0	0	0
116.125	0	0	0	0	0	0
116.375	0	0	0	0	0	0
116.625	0	0	0	0	0	0
116.875	0	0	0	0	0	0
117.125	0	0	0	0	0	0
117.375	0	0	0	0	0	0
117.625	0	0	0	0	0	0
117.875	0	0	0	0	0	0
118.125	0	0	0	0	0	0
118.375	0	0	0	0	0	0
118.625	0	0	0	0	0	0
118.875	0	0	0	0	0	0
119.125	0	0	0	0	0	0
119.375	0	0	0	0	0	0
119.625	0	0	0	0	0	0
119.875	0	0	0	0	0	0
120.125	0	0	0	0	0	0
120.375	0	0	0	0	0	0
120.625	0	0	0	0	0	0
120.875	0	0	0	0	0	0
121.125	0	0	0	0	0	0
121.375	0	0	0	0	0	0
121.625	0	0	0	0	0	0
121.875	0	0	0	0	0	0
122.125	0	0	0	0	0	0
122.375	0	0	0	0	0	0
122.625	0	0	0	0	0	0
122.875	0	0	0	0	0	0
123.125	0	0	0	0	0	0
123.375	0	0	0	0	0	0
123.625	0	0	0	0	0	0
123.875	0	0	0	0	0	0
124.125	0	0	0	0	0	0
124.375	0	0	0	0	0	0
124.625	0	0	0	0	0	0
124.875	0	0	0	0	0	0
125.125	0	0	0	0	0	0
