0.05	0
0.15	5.80567e-06
0.25	5.11215e-06
0.35	8.76419e-06
0.45	5.44145e-06
0.55	1.08169e-05
0.65	1.15624e-05
0.75	9.24449e-06
0.85	7.64014e-06
0.95	8.93622e-06
1.05	6.97193e-06
1.15	7.87681e-06
1.25	7.43696e-06
1.35	9.14824e-06
1.45	1.10221e-05
1.55	1.30733e-05
1.65	1.59147e-05
1.75	1.74528e-05
1.85	2.18918e-05
1.95	2.85656e-05
2.05	3.17453e-05
2.15	3.87698e-05
2.25	4.59347e-05
2.35	4.88847e-05
2.45	5.96145e-05
2.55	6.64415e-05
2.65	7.203e-05
2.75	7.91942e-05
2.85	8.27611e-05
2.95	8.67621e-05
3.05	9.60971e-05
3.15	9.86105e-05
3.25	9.99743e-05
3.35	0.000102522
3.45	0.000108951
3.55	0.000111789
3.65	0.000109499
3.75	0.000109908
3.85	0.000112432
3.95	0.000118107
4.05	0.00012107
4.15	0.000122352
4.25	0.000124939
4.35	0.000124896
4.45	0.000130541
4.55	0.000129722
4.65	0.000137048
4.75	0.000138468
4.85	0.000145062
4.95	0.00014605
5.05	0.000146623
5.15	0.000148676
5.25	0.000148935
5.35	0.000151249
5.45	0.000152476
5.55	0.00015237
5.65	0.00015064
5.75	0.000149246
5.85	0.000149242
5.95	0.000152076
6.05	0.000143976
6.15	0.000144448
6.25	0.000139612
6.35	0.000136904
6.45	0.000129658
6.55	0.000125157
6.65	0.000120726
6.75	0.000117345
6.85	0.000111651
6.95	0.000102193
7.05	9.9591e-05
7.15	9.31782e-05
7.25	8.7243e-05
7.35	8.32111e-05
7.45	7.71906e-05
7.55	7.15984e-05
7.65	6.49683e-05
7.75	6.44373e-05
7.85	5.70513e-05
7.95	5.52786e-05
8.05	4.92059e-05
8.15	4.67665e-05
8.25	4.25838e-05
8.35	3.77526e-05
8.45	3.54791e-05
8.55	3.34109e-05
8.65	2.93667e-05
8.75	2.84682e-05
8.85	2.53109e-05
8.95	2.50293e-05
9.05	2.2339e-05
9.15	2.07034e-05
9.25	1.92369e-05
9.35	1.80039e-05
9.45	1.6736e-05
9.55	1.43638e-05
9.65	1.31391e-05
9.75	1.33793e-05
9.85	1.13883e-05
9.95	1.11415e-05
10.05	9.92495e-06
10.15	9.46716e-06
10.25	9.30904e-06
10.35	8.65881e-06
10.45	7.40182e-06
10.55	7.23496e-06
10.65	6.90762e-06
10.75	6.39106e-06
10.85	6.29236e-06
10.95	6.00373e-06
11.05	5.42931e-06
11.15	5.34831e-06
11.25	4.88016e-06
11.35	4.94322e-06
11.45	4.9758e-06
11.55	4.90523e-06
11.65	4.35916e-06
11.75	4.25954e-06
11.85	3.83505e-06
11.95	3.87293e-06
12.05	3.86004e-06
12.15	3.83319e-06
12.25	3.4758e-06
12.35	3.22093e-06
12.45	3.25451e-06
12.55	3.33363e-06
12.65	3.0832e-06
12.75	2.96552e-06
12.85	2.61149e-06
12.95	2.74872e-06
13.05	2.58358e-06
13.15	2.85542e-06
13.25	2.56708e-06
13.35	2.4648e-06
13.45	2.4559e-06
13.55	2.33624e-06
13.65	2.52435e-06
13.75	2.41877e-06
13.85	2.34966e-06
13.95	2.4075e-06
14.05	2.25097e-06
14.15	2.26331e-06
14.25	2.03164e-06
14.35	2.10628e-06
14.45	2.01092e-06
14.55	1.91831e-06
14.65	2.03818e-06
14.75	1.93898e-06
14.85	1.96196e-06
14.95	1.92932e-06
15.05	1.88822e-06
15.15	1.6666e-06
15.25	1.81339e-06
15.35	1.73347e-06
15.45	1.8416e-06
15.55	1.85825e-06
15.65	1.62293e-06
15.75	1.50757e-06
15.85	1.74934e-06
15.95	1.43391e-06
16.05	1.74136e-06
16.15	1.57459e-06
16.25	1.47726e-06
16.35	1.33195e-06
16.45	1.43094e-06
16.55	1.42695e-06
16.65	1.5985e-06
16.75	1.44138e-06
16.85	1.22299e-06
16.95	1.36393e-06
17.05	1.4684e-06
17.15	1.25632e-06
17.25	1.32732e-06
17.35	1.49537e-06
17.45	1.34891e-06
17.55	1.26737e-06
17.65	1.26506e-06
17.75	1.17116e-06
17.85	1.13776e-06
17.95	1.07711e-06
18.05	1.1072e-06
18.15	1.13737e-06
18.25	1.25027e-06
18.35	1.09204e-06
18.45	1.04746e-06
18.55	1.1445e-06
18.65	9.99322e-07
18.75	1.06745e-06
18.85	1.15894e-06
18.95	1.05038e-06
19.05	1.05106e-06
19.15	9.38849e-07
19.25	1.0802e-06
19.35	1.18672e-06
19.45	9.96599e-07
19.55	1.02421e-06
19.65	8.85595e-07
19.75	1.04783e-06
19.85	1.06145e-06
19.95	8.73482e-07
20.05	9.68864e-07
20.15	7.17398e-07
20.25	8.76292e-07
20.35	8.63873e-07
20.45	8.48513e-07
20.55	8.11614e-07
20.65	8.50395e-07
20.75	8.54448e-07
20.85	8.90315e-07
20.95	9.60156e-07
21.05	8.54309e-07
21.15	8.15199e-07
21.25	6.89503e-07
21.35	6.94768e-07
21.45	7.57767e-07
21.55	8.40167e-07
21.65	8.08312e-07
21.75	9.28613e-07
21.85	6.95794e-07
21.95	7.14503e-07
22.05	7.82852e-07
22.15	7.0534e-07
22.25	7.12738e-07
22.35	7.59887e-07
22.45	6.19552e-07
22.55	5.36352e-07
22.65	7.15699e-07
22.75	7.96768e-07
22.85	5.59417e-07
22.95	5.3539e-07
23.05	7.21325e-07
23.15	5.98354e-07
23.25	5.70841e-07
23.35	5.80323e-07
23.45	5.72806e-07
23.55	7.49448e-07
23.65	5.41294e-07
23.75	5.76018e-07
23.85	6.56514e-07
23.95	5.59612e-07
24.05	4.60297e-07
24.15	6.87599e-07
24.25	5.74997e-07
24.35	5.95198e-07
24.45	4.74066e-07
24.55	4.85406e-07
24.65	5.68748e-07
24.75	5.48261e-07
24.85	5.51216e-07
24.95	4.55594e-07
25.05	4.96709e-07
25.15	4.62388e-07
25.25	5.29965e-07
25.35	4.00144e-07
25.45	3.82152e-07
25.55	4.90456e-07
25.65	4.095e-07
25.75	4.75448e-07
25.85	4.00268e-07
25.95	3.8508e-07
26.05	4.27176e-07
26.15	4.30739e-07
26.25	4.32856e-07
26.35	4.45209e-07
26.45	4.20314e-07
26.55	3.85562e-07
26.65	4.04679e-07
26.75	3.54667e-07
26.85	3.64737e-07
26.95	3.4048e-07
27.05	3.53437e-07
27.15	3.85205e-07
27.25	3.74447e-07
27.35	3.36176e-07
27.45	3.28086e-07
27.55	3.6428e-07
27.65	2.91556e-07
27.75	3.72469e-07
27.85	3.82731e-07
27.95	3.03396e-07
28.05	3.44378e-07
28.15	3.53516e-07
28.25	3.01818e-07
28.35	3.13114e-07
28.45	2.66247e-07
28.55	3.28856e-07
28.65	3.29564e-07
28.75	3.29488e-07
28.85	3.19402e-07
28.95	2.77795e-07
29.05	3.42529e-07
29.15	2.97783e-07
29.25	3.13289e-07
29.35	2.71671e-07
29.45	3.0857e-07
29.55	2.09593e-07
29.65	3.05355e-07
29.75	2.92568e-07
29.85	2.96394e-07
29.95	3.06211e-07
30.05	2.57235e-07
30.15	3.74928e-07
30.25	2.67702e-07
30.35	2.47321e-07
30.45	3.22436e-07
30.55	2.2022e-07
30.65	2.62595e-07
30.75	2.82139e-07
30.85	2.03218e-07
30.95	2.94366e-07
31.05	3.02948e-07
31.15	2.63719e-07
31.25	3.05139e-07
31.35	2.47595e-07
31.45	2.71928e-07
31.55	2.48996e-07
31.65	2.71033e-07
31.75	1.91682e-07
31.85	2.05377e-07
31.95	2.60001e-07
32.05	2.68128e-07
32.15	2.18493e-07
32.25	2.18779e-07
32.35	2.14234e-07
32.45	2.271e-07
32.55	2.14086e-07
32.65	2.51978e-07
32.75	1.97317e-07
32.85	1.69173e-07
32.95	2.04035e-07
33.05	1.80586e-07
33.15	2.00254e-07
33.25	1.72263e-07
33.35	1.92028e-07
33.45	1.50595e-07
33.55	1.64304e-07
33.65	1.88261e-07
33.75	1.841e-07
33.85	2.09194e-07
33.95	2.02335e-07
34.05	2.11473e-07
34.15	1.99734e-07
34.25	1.93011e-07
34.35	1.55129e-07
34.45	2.14348e-07
34.55	1.94956e-07
34.65	1.74109e-07
34.75	1.94138e-07
34.85	1.94934e-07
34.95	1.6929e-07
35.05	1.70761e-07
35.15	2.23075e-07
35.25	1.55484e-07
35.35	1.50227e-07
35.45	1.96505e-07
35.55	1.07422e-07
35.65	1.32858e-07
35.75	1.52746e-07
35.85	1.72928e-07
35.95	2.20067e-07
36.05	1.88863e-07
36.15	1.409e-07
36.25	1.61826e-07
36.35	1.55421e-07
36.45	1.50305e-07
36.55	1.51535e-07
36.65	1.65195e-07
36.75	1.54029e-07
36.85	1.77479e-07
36.95	1.55748e-07
37.05	1.57903e-07
37.15	1.77812e-07
37.25	1.57458e-07
37.35	1.62773e-07
37.45	1.54775e-07
37.55	1.82745e-07
37.65	1.89031e-07
37.75	1.58288e-07
37.85	1.60142e-07
37.95	1.2931e-07
38.05	1.46925e-07
38.15	1.5637e-07
38.25	1.40849e-07
38.35	1.92902e-07
38.45	1.04951e-07
38.55	1.54275e-07
38.65	7.81249e-08
38.75	1.08102e-07
38.85	1.3073e-07
38.95	1.31513e-07
39.05	1.04822e-07
39.15	1.51682e-07
39.25	1.48658e-07
39.35	1.08002e-07
39.45	8.10145e-08
39.55	1.06363e-07
39.65	1.42445e-07
39.75	1.54792e-07
39.85	1.13735e-07
39.95	1.07603e-07
40.05	1.51009e-07
40.15	1.29222e-07
40.25	9.67191e-08
40.35	9.93808e-08
40.45	9.29743e-08
40.55	8.33536e-08
40.65	1.10305e-07
40.75	8.98382e-08
40.85	1.3202e-07
40.95	1.57513e-07
41.05	9.92039e-08
41.15	9.93939e-08
41.25	9.17867e-08
41.35	9.36722e-08
41.45	7.65573e-08
41.55	1.17308e-07
41.65	1.08251e-07
41.75	1.03124e-07
41.85	1.08953e-07
41.95	8.59724e-08
42.05	1.37737e-07
42.15	1.12503e-07
42.25	1.21503e-07
42.35	8.43358e-08
42.45	1.17533e-07
42.55	9.07373e-08
42.65	5.95832e-08
42.75	1.08628e-07
42.85	1.42646e-07
42.95	8.61623e-08
43.05	6.87201e-08
43.15	7.70871e-08
43.25	8.619e-08
43.35	8.9836e-08
43.45	8.05248e-08
43.55	8.43227e-08
43.65	7.43232e-08
43.75	9.27787e-08
43.85	5.07614e-08
43.95	7.94126e-08
44.05	4.2941e-08
44.15	8.08591e-08
44.25	5.30616e-08
44.35	4.88661e-08
44.45	7.89017e-08
44.55	1.008e-07
44.65	8.3267e-08
44.75	6.14495e-08
44.85	7.35131e-08
44.95	1.01542e-07
45.05	4.52659e-08
45.15	5.37067e-08
45.25	9.35333e-08
45.35	8.94708e-08
45.45	7.54906e-08
45.55	6.18066e-08
45.65	4.89318e-08
45.75	9.51335e-08
45.85	4.87201e-08
45.95	3.68712e-08
46.05	7.63284e-08
46.15	5.17254e-08
46.25	6.74366e-08
46.35	3.91194e-08
46.45	5.11022e-08
46.55	6.42856e-08
46.65	4.97557e-08
46.75	9.08952e-08
46.85	7.57683e-08
46.95	5.08367e-08
47.05	6.69505e-08
47.15	5.51196e-08
47.25	7.18322e-08
47.35	7.43298e-08
47.45	1.00071e-07
47.55	5.93384e-08
47.65	6.282e-08
47.75	5.4411e-08
47.85	3.09875e-08
47.95	4.51597e-08
48.05	5.1037e-08
48.15	3.11574e-08
48.25	5.9794e-08
48.35	3.85464e-08
48.45	4.59827e-08
48.55	4.73912e-08
48.65	7.74603e-08
48.75	2.99949e-08
48.85	9.21698e-08
48.95	6.96985e-08
49.05	6.33996e-08
49.15	4.59466e-08
49.25	6.58687e-08
49.35	6.40263e-08
49.45	4.52207e-08
49.55	4.74257e-08
49.65	5.04135e-08
49.75	5.73465e-08
49.85	4.64673e-08
49.95	5.1578e-08
50.05	7.03618e-08
50.15	5.71167e-08
50.25	4.37518e-08
50.35	5.75105e-08
50.45	3.48129e-08
50.55	5.1545e-08
50.65	2.91181e-08
50.75	5.42252e-08
50.85	5.62537e-08
50.95	2.76331e-08
51.05	3.31681e-08
51.15	4.52725e-08
51.25	3.27989e-08
51.35	7.01085e-08
51.45	4.80377e-08
51.55	4.8899e-08
51.65	3.656e-08
51.75	3.57365e-08
51.85	1.47205e-08
51.95	4.78711e-08
52.05	3.91685e-08
52.15	3.53496e-08
52.25	4.23745e-08
52.35	4.45186e-08
52.45	2.39276e-08
52.55	2.68842e-08
52.65	4.15842e-08
52.75	3.46041e-08
52.85	2.82584e-08
52.95	4.86579e-08
53.05	4.34253e-08
53.15	3.55908e-08
53.25	3.4726e-08
53.35	1.63482e-08
53.45	3.49142e-08
53.55	3.32774e-08
53.65	3.66769e-08
53.75	1.54241e-08
53.85	1.80903e-08
53.95	2.83034e-08
54.05	2.42535e-08
54.15	3.17195e-08
54.25	3.16867e-08
54.35	3.60849e-08
54.45	3.22908e-08
54.55	1.26213e-08
54.65	8.4542e-09
54.75	1.98227e-08
54.85	1.38013e-08
54.95	3.26719e-08
55.05	2.64274e-08
55.15	2.89353e-08
55.25	8.95841e-09
55.35	2.96207e-08
55.45	4.10268e-08
55.55	2.64715e-08
55.65	3.34377e-09
55.75	1.84775e-08
55.85	2.40209e-08
55.95	8.25812e-09
56.05	2.33996e-08
56.15	1.49903e-08
56.25	1.1595e-08
56.35	1.50906e-08
56.45	1.70024e-08
56.55	1.336e-08
56.65	5.12393e-09
56.75	1.42249e-08
56.85	2.17729e-08
56.95	5.05259e-09
57.05	2.31e-08
57.15	6.37211e-09
57.25	6.65503e-09
57.35	1.58878e-08
57.45	8.15297e-09
57.55	1.62657e-08
57.65	1.62793e-08
57.75	8.27244e-09
57.85	1.32336e-08
57.95	6.41006e-09
58.05	1.13746e-08
58.15	1.14024e-08
58.25	1.29436e-08
58.35	3.13977e-09
58.45	6.35389e-09
58.55	1.10903e-08
58.65	1.12342e-08
58.75	1.11171e-08
58.85	4.65283e-09
58.95	7.7074e-09
59.05	6.29098e-09
59.15	1.1392e-08
59.25	1.62294e-09
59.35	9.14396e-09
59.45	3.17561e-09
59.55	1.1158e-08
59.65	7.83998e-09
59.75	3.11485e-09
59.85	4.84986e-09
59.95	3.08281e-09
60.05	1.69515e-08
60.15	5.99216e-09
60.25	1.36176e-08
60.35	3.06624e-09
60.45	9.21994e-09
60.55	4.60344e-09
60.65	1.09029e-08
60.75	6.2627e-09
60.85	4.66229e-09
60.95	1.07767e-08
61.05	1.48843e-09
61.15	7.78372e-09
61.25	1.23824e-08
61.35	0
61.45	1.09966e-08
61.55	9.11285e-09
61.65	6.30123e-09
61.75	7.27616e-09
61.85	4.37661e-09
61.95	9.0526e-09
62.05	4.60545e-09
62.15	4.41254e-09
62.25	3.01955e-09
62.35	4.47327e-09
62.45	9.1787e-09
62.55	7.72321e-09
62.65	0
62.75	4.47558e-09
62.85	4.4477e-09
62.95	2.81028e-09
63.05	1.34108e-08
63.15	4.4592e-09
63.25	5.99819e-09
63.35	7.49895e-09
63.45	1.51647e-09
63.55	7.57102e-09
63.65	0
63.75	1.56089e-09
63.85	7.51991e-09
63.95	5.40619e-09
64.05	1.40314e-09
64.15	2.89673e-09
64.25	4.22501e-09
64.35	2.87652e-09
64.45	7.48141e-09
64.55	1.16817e-08
64.65	5.948e-09
64.75	1.49266e-09
64.85	2.93688e-09
64.95	2.83061e-09
65.05	0
65.15	2.90398e-09
65.25	1.52605e-09
65.35	5.80346e-09
65.45	2.89462e-09
65.55	4.47829e-09
65.65	4.28053e-09
65.75	4.32441e-09
65.85	1.51233e-09
65.95	5.74886e-09
66.05	8.45358e-09
66.15	6.95259e-09
66.25	5.73662e-09
66.35	5.6841e-09
66.45	4.02865e-09
66.55	2.71986e-09
66.65	2.7861e-09
66.75	4.29712e-09
66.85	4.26626e-09
66.95	3.98706e-09
67.05	2.80718e-09
67.15	4.12791e-09
67.25	1.33887e-09
67.35	2.70906e-09
67.45	8.41571e-09
67.55	2.8125e-09
67.65	4.18495e-09
67.75	0
67.85	4.33399e-09
67.95	2.8915e-09
68.05	0
68.15	5.49386e-09
68.25	2.8853e-09
68.35	4.02989e-09
68.45	2.7551e-09
68.55	1.30312e-09
68.65	1.4042e-09
68.75	1.33005e-09
68.85	1.43295e-09
68.95	1.4066e-09
69.05	2.74855e-09
69.15	1.39735e-09
69.25	4.23115e-09
69.35	0
69.45	5.33262e-09
69.55	0
69.65	0
69.75	0
69.85	5.27098e-09
69.95	0
70.05	4.10507e-09
70.15	0
70.25	5.3949e-09
70.35	0
70.45	0
70.55	2.66795e-09
70.65	0
70.75	0
70.85	2.65577e-09
70.95	1.27957e-09
71.05	2.73225e-09
71.15	0
71.25	2.71797e-09
71.35	0
71.45	5.38024e-09
71.55	1.27741e-09
71.65	0
71.75	0
71.85	5.25788e-09
71.95	2.62383e-09
72.05	5.28416e-09
72.15	2.58472e-09
72.25	0
72.35	2.49137e-09
72.45	2.64924e-09
72.55	0
72.65	1.26664e-09
72.75	1.31347e-09
72.85	2.50251e-09
72.95	2.48575e-09
73.05	0
73.15	2.69242e-09
73.25	1.25343e-09
73.35	2.64155e-09
73.45	3.73355e-09
73.55	2.59949e-09
73.65	2.66451e-09
73.75	1.34812e-09
73.85	1.21784e-09
73.95	1.19304e-09
74.05	3.71953e-09
74.15	0
74.25	3.82227e-09
74.35	1.30713e-09
74.45	2.51824e-09
74.55	1.33437e-09
74.65	1.33269e-09
74.75	1.22909e-09
74.85	1.21442e-09
74.95	1.17484e-09
75.05	0
75.15	1.25368e-09
75.25	0
75.35	1.24513e-09
75.45	0
75.55	1.31786e-09
75.65	3.85599e-09
75.75	1.17717e-09
75.85	0
75.95	0
76.05	1.25664e-09
76.15	0
76.25	1.28459e-09
76.35	3.71643e-09
76.45	1.23859e-09
76.55	2.3183e-09
76.65	1.25521e-09
76.75	1.26713e-09
76.85	0
76.95	1.27536e-09
77.05	0
77.15	1.19949e-09
77.25	0
77.35	1.28122e-09
77.45	0
77.55	0
77.65	1.26053e-09
77.75	0
77.85	3.6001e-09
77.95	3.50024e-09
78.05	0
78.15	1.27642e-09
78.25	0
78.35	0
78.45	1.1774e-09
78.55	1.27005e-09
78.65	0
78.75	2.37452e-09
78.85	0
78.95	0
79.05	0
79.15	1.11556e-09
79.25	1.14503e-09
79.35	0
79.45	1.11286e-09
79.55	0
79.65	0
79.75	0
79.85	0
79.95	0
80.05	2.27904e-09
80.15	1.21019e-09
80.25	0
80.35	1.23817e-09
80.45	0
80.55	0
80.65	0
80.75	2.4095e-09
80.85	0
80.95	0
81.05	1.13629e-09
81.15	0
81.25	0
81.35	1.22589e-09
81.45	0
81.55	0
81.65	0
81.75	0
81.85	1.07813e-09
81.95	1.19528e-09
82.05	0
82.15	0
82.25	0
82.35	1.18881e-09
82.45	1.17671e-09
82.55	0
82.65	1.17272e-09
82.75	0
82.85	0
82.95	0
83.05	0
83.15	1.16321e-09
83.25	0
83.35	2.20678e-09
83.45	1.08799e-09
83.55	0
83.65	0
83.75	0
83.85	0
83.95	0
84.05	1.15173e-09
84.15	0
84.25	1.18256e-09
84.35	0
84.45	0
84.55	1.05353e-09
84.65	0
84.75	0
84.85	0
84.95	0
85.05	0
85.15	1.12227e-09
85.25	0
85.35	2.30088e-09
85.45	2.28466e-09
85.55	0
85.65	1.06171e-09
85.75	0
85.85	1.05371e-09
85.95	0
86.05	1.15719e-09
86.15	0
86.25	0
86.35	0
86.45	0
86.55	0
86.65	0
86.75	0
86.85	0
86.95	0
87.05	0
87.15	1.11654e-09
87.25	2.02334e-09
87.35	0
87.45	0
87.55	0
87.65	1.13554e-09
87.75	1.10873e-09
87.85	1.00658e-09
87.95	0
88.05	0
88.15	0
88.25	0
88.35	0
88.45	0
88.55	0
88.65	1.02498e-09
88.75	0
88.85	0
88.95	0
89.05	0
89.15	0
89.25	0
89.35	1.07501e-09
89.45	1.01711e-09
89.55	0
89.65	0
89.75	1.01218e-09
89.85	0
89.95	0
90.05	2.05216e-09
90.15	1.00762e-09
90.25	0
90.35	0
90.45	0
90.55	1.06908e-09
90.65	0
90.75	0
90.85	0
90.95	0
91.05	0
91.15	0
91.25	0
91.35	0
91.45	0
91.55	0
91.65	0
91.75	0
91.85	0
91.95	0
92.05	1.043e-09
92.15	0
92.25	0
92.35	1.0552e-09
92.45	1.04502e-09
92.55	0
92.65	0
92.75	0
92.85	0
92.95	0
93.05	0
93.15	0
93.25	0
93.35	0
93.45	0
93.55	0
93.65	0
93.75	0
93.85	0
93.95	0
94.05	0
94.15	0
94.25	0
94.35	0
94.45	0
94.55	0
94.65	0
94.75	0
94.85	0
94.95	0
95.05	0
95.15	0
95.25	0
95.35	0
95.45	0
95.55	0
95.65	0
95.75	0
95.85	0
95.95	0
96.05	0
96.15	0
96.25	0
96.35	0
96.45	9.9515e-10
96.55	0
96.65	0
96.75	0
96.85	0
96.95	0
97.05	0
97.15	0
97.25	0
97.35	0
97.45	0
97.55	0
97.65	0
97.75	0
97.85	0
97.95	0
98.05	0
98.15	0
98.25	0
98.35	0
98.45	0
98.55	0
98.65	0
98.75	0
98.85	0
98.95	0
99.05	0
99.15	0
99.25	0
99.35	0
99.45	0
99.55	0
99.65	0
99.75	0
99.85	0
99.95	0
